

Generated 2021-12-20T14:12:17.146468. Summary:


None

2021-12-20T14:12:21.645589
Created model with parameters:

- num_inputs: 245
- num_outputs: 48
- num_layers: 2
- layer_space: log

2021-12-20T14:13:51.063023
Training model with parameters:
- steps_per_epoch: 8464
- epochs: 10

Generated 2021-12-20T14:13:45.588937. Summary:


None

2021-12-20T14:19:18.565135
Training complete

Model flamboyant_diffie trained with averages:

[-0.30226476 -0.44433981  0.0172951   0.03655909  0.31243961  0.90280804
  0.76907234  0.65114098  0.44901184  0.24470219 -0.09656657 -0.37613236
 -0.70519714 -0.99056479 -0.82675622 -0.67317628 -0.39569912  0.07426043
  0.06277835  0.18284074 -0.02898788 -0.19106621 -0.45957462 -0.65695273
 -0.72821536 -0.40896395 -0.41618186 -0.71976466 -0.39872092 -0.10833368
 -0.57532876 -0.85867561 -0.64357712 -0.60346784 -0.85154027 -1.09117772
 -1.32279059 -1.48159935 -1.43371799 -1.07261502 -0.84870019 -0.64276484
 -0.54262774 -0.43016828 -0.65897044 -0.55803884 -0.49771504 -0.63367167]

And standard deviations:

[ 7.00826806  7.19155898  7.40576243  7.53662923  7.74732832  7.88381273
  7.9099105   7.85282237  7.82740365  7.77438774  7.68295054  7.70887556
  7.80933122  7.86416707  8.00943198  8.15426006  8.25299263  8.27944471
  8.3476236   8.39391598  8.40189788  8.43843372  8.4112508   8.43599335
  8.53330773  8.81717262  8.96536428  9.09067939  9.17528652  9.30755751
  9.2606543   9.14754158  9.15382582  9.14901176  9.05042109  9.02997218
  9.12656499  9.16112732  9.25675743  9.42496123  9.59037472  9.63485904
  9.71804826  9.80167762  9.86790394 10.03086682 10.07061328 10.12036361]