

Generated 2021-12-20T19:25:38.093649. Summary:


None

2021-12-20T19:25:39.996497
Created model with parameters:

- num_inputs: 245
- num_outputs: 48
- num_layers: 3
- layer_space: linear

2021-12-20T19:26:08.042580
Training model with parameters:
- steps_per_epoch: 1692
- epochs: 20

Generated 2021-12-20T19:26:05.953228. Summary:


None

2021-12-20T19:29:10.259083
Training complete

Model brave_leakey trained with averages:

[ 7.24591846e-01  4.82517081e-01  5.10247828e-01  6.49160381e-01
  6.13624484e-01  4.54039824e-01  3.80863805e-01  3.21384427e-01
 -9.59226033e-02 -2.50880396e-01 -4.79581965e-01 -8.44691924e-01
 -9.00699584e-01 -9.20710485e-01 -9.75295242e-01 -4.33392820e-01
 -1.28542299e-01  2.97783999e-01  4.34447489e-01  7.36631607e-01
  6.68004254e-01  7.87167477e-01  6.97981797e-01  5.57430028e-01
  5.22018464e-01  7.35569020e-01  8.96752567e-01  9.59981902e-01
  9.07115057e-01  1.18295119e+00  1.09760160e+00 -1.00000000e+02
  5.09494012e-01  1.35393750e-01 -2.97019138e-01 -7.59692816e-01
 -6.53095902e-01 -5.52995036e-01 -2.00055501e-01  1.65812848e-01
  6.27798427e-01  1.09965660e+00  1.49833918e+00  1.47690342e+00
  1.44947509e+00  1.42702876e+00  1.61936843e+00  1.38939423e+00]

And standard deviations:

[4.86370468 5.04670098 5.28721471 5.55828352 5.72610937 5.79776123
 5.83840223 5.89799951 5.93422132 5.9490684  5.93999965 5.9699457
 6.00399366 6.06685562 6.16320991 6.30163776 6.38113405 6.45581181
 6.49445379 6.53491946 6.53684028 6.51699212 6.48919592 6.51422072
 6.60407066 6.7269382  6.83715286 6.96508028 7.04734311 7.06727152
 7.05748826 0.         7.06247072 7.03305103 6.93453058 6.84910235
 6.81908617 6.78324354 6.8401046  6.97318249 7.12622504 7.26597662
 7.39579198 7.52547794 7.65797131 7.81316785 8.03466736 8.25941164]

Model brave_leakey trained with averages:

[ 7.24591153e-01  4.82516502e-01  5.10247276e-01  6.49159694e-01
  6.13623660e-01  4.54038764e-01  3.80862682e-01  3.21383300e-01
 -9.59237514e-02 -2.50881380e-01 -4.79582797e-01 -8.44692544e-01
 -9.00700080e-01 -9.20710912e-01 -9.75295677e-01 -4.33393342e-01
 -1.28542894e-01  2.97783243e-01  4.34446711e-01  7.36630811e-01
  6.68003705e-01  7.87167224e-01  6.97981783e-01  5.57430414e-01
  5.22019104e-01  7.35569796e-01  8.96753385e-01  9.59982633e-01
  9.07115664e-01  1.18295155e+00  1.09760194e+00 -1.00000000e+02
  5.09494306e-01  1.35394141e-01 -2.97018585e-01 -7.59692064e-01
 -6.53095082e-01 -5.52994144e-01 -2.00054633e-01  1.65813583e-01
  6.27798954e-01  1.09965696e+00  1.49833943e+00  1.47690372e+00
  1.44947543e+00  1.42702937e+00  1.61936930e+00  1.38939532e+00]

And standard deviations:

[4.86370477 5.04670113 5.28721472 5.55828352 5.72610944 5.79776117
 5.83840226 5.8979996  5.93422136 5.94906848 5.93999972 5.96994572
 6.00399369 6.06685567 6.16320995 6.30163776 6.38113399 6.45581168
 6.49445364 6.53491921 6.53684009 6.51699199 6.4891957  6.51422058
 6.60407047 6.72693807 6.83715275 6.9650802  7.047343   7.06727138
 7.05748819 0.         7.06247073 7.03305104 6.93453053 6.84910228
 6.81908609 6.78324346 6.84010451 6.97318248 7.12622499 7.26597657
 7.39579202 7.52547787 7.65797124 7.81316779 8.03466735 8.25941168]