

Generated 2021-12-20T14:12:17.146468. Summary:


None

2021-12-20T14:12:25.481849
Created model with parameters:

- num_inputs: 245
- num_outputs: 48
- num_layers: 3
- layer_space: log

2021-12-20T14:13:21.472473
Training model with parameters:
- steps_per_epoch: 1692
- epochs: 10

Generated 2021-12-20T14:13:18.328904. Summary:


None

2021-12-20T14:16:35.541615
Training complete

Model cool_bhaskara trained with averages:

[ 0.31870537  0.24841237  0.19754803 -0.03847686 -0.28843691 -0.07082855
  0.09572385 -0.17942576 -0.10452506  0.29864237  0.11162756 -0.13215731
 -0.50117352 -0.43803504 -0.35426289 -0.25005646  0.23292847  0.24317938
  0.24919724  0.34505801 -0.00969543  0.01065217  0.23817166  0.27190355
 -0.19297343 -0.12468094 -0.52562155 -0.50147666 -0.59704446 -0.49362083
 -0.51654652 -0.71088681 -0.56179416 -0.54558621 -0.66504518 -0.87012756
 -1.19945493 -1.26577643 -1.0424297  -0.50894735 -0.02972929  0.17914215
  0.11902022  0.23876339  0.07916283 -0.1337725  -0.07597007 -0.43444706]

And standard deviations:

[6.42213031 6.61833632 6.67129452 6.69303874 6.73683648 6.8338955
 6.91927289 6.95053722 7.02892443 7.08563378 7.0728938  7.14551554
 7.26029504 7.38330589 7.48975924 7.52136498 7.57375329 7.58485018
 7.63491598 7.67902696 7.63732788 7.57380177 7.53950657 7.56373502
 7.63683018 7.81506241 7.855692   7.8799511  7.90323677 7.96699075
 7.98919239 8.02309111 8.09384197 8.10625706 8.08785737 8.10938053
 8.19825839 8.29799384 8.39906271 8.47762436 8.55985136 8.64279465
 8.73668087 8.87839644 9.00526318 9.05865826 9.19812081 9.35163536]