

Generated 2021-12-20T14:12:17.146468. Summary:


None

2021-12-20T14:12:28.557132
Created model with parameters:

- num_inputs: 245
- num_outputs: 48
- num_layers: 5
- layer_space: linear

2021-12-20T14:27:46.869293
Training model with parameters:
- steps_per_epoch: 8464
- epochs: 10

Generated 2021-12-20T14:27:41.892713. Summary:


None

2021-12-20T14:37:59.476604
Training complete

Model peaceful_bose trained with averages:

[ 5.16911629e-01  3.63227602e-01  9.64648050e-02  3.32047227e-01
  4.44322043e-02 -5.80511629e-01 -8.47356128e-01 -8.84985897e-01
 -7.80894641e-01 -3.88119216e-01 -2.64738209e-01 -9.41847267e-02
 -7.61437968e-01 -3.58158478e-01 -7.24042752e-01 -9.69978386e-01
 -9.48934893e-01 -1.07197636e+00 -1.10510147e+00 -4.99583378e-01
 -1.06480060e+00 -1.27704281e+00 -1.00000000e+02  5.43139525e-01
  3.30137212e-01  1.40143954e-01 -2.26235694e-01 -5.25291764e-01
 -5.51112708e-01 -5.04803150e-01 -1.41658504e-01 -5.29833849e-01
 -3.06552895e-01 -2.38407112e-01 -1.93304051e-01 -1.00000000e+02
 -5.28621496e-01 -9.45515960e-01 -5.11596554e-01 -6.99147254e-01
 -1.01073349e+00 -6.91279228e-01 -3.61807136e-01 -1.72460049e-01
  2.25944078e-02  2.29408042e-01  1.20797428e-01 -1.00000000e+02]

And standard deviations:

[5.4560476  5.44364671 5.50946894 5.59031092 5.64107668 5.67710371
 5.73782357 5.81801573 5.93504709 5.98426393 6.03639718 6.12321305
 6.19641412 6.21154048 6.12722753 6.06211494 6.02751769 6.02550034
 6.00697639 6.07334096 6.01191885 6.00809892 0.         6.20652195
 6.31415235 6.40410115 6.40055734 6.4343685  6.48998971 6.51879729
 6.64239613 6.6978341  6.73571038 6.8123603  6.7823269  0.
 6.84499659 6.7623785  6.71152617 6.62878433 6.5717256  6.5969899
 6.6221166  6.67933572 6.79209621 6.9205976  7.14944863 0.        ]