

Generated 2021-12-20T14:12:17.146468. Summary:


None

2021-12-20T14:12:23.183169
Created model with parameters:

- num_inputs: 245
- num_outputs: 48
- num_layers: 3
- layer_space: linear

2021-12-20T14:13:21.285439
Training model with parameters:
- steps_per_epoch: 1692
- epochs: 10

Generated 2021-12-20T14:13:17.408267. Summary:


None

2021-12-20T14:16:38.388659
Training complete

Model admiring_joliot trained with averages:

[-1.36727381 -1.26404656 -1.17824823 -1.43390538 -1.49721633 -1.55570611
 -1.4790694  -1.5605212  -1.28437579 -1.17533037 -1.07435471 -1.0481488
 -1.09603455 -1.11584232 -1.15051147 -0.99352131 -1.36781633 -1.22875627
 -1.14365937 -1.12828559 -1.21886064 -1.01242921 -0.96521776 -1.23582485
 -1.45488898 -1.58345446 -1.44671163 -1.71184841 -2.1386548  -2.03262005
 -1.97922933 -2.17530934 -2.28105709 -2.25334985 -2.13442542 -2.02892362
 -1.91281299 -1.77364181 -1.73638462 -1.84118331 -1.82583553 -1.96214189
 -2.08767091 -1.79318286 -1.75387178 -1.96922136 -1.68479043 -1.97978417]

And standard deviations:

[6.14408507 6.29443528 6.36226135 6.38928027 6.50458775 6.6380357
 6.74317599 6.77358215 6.8306323  6.84390269 6.89884826 6.98991608
 7.12746218 7.2237948  7.26063059 7.28383118 7.25592741 7.30168818
 7.3292266  7.3065635  7.28115375 7.26135861 7.27768659 7.2047095
 7.29878998 7.39130624 7.40620902 7.39132145 7.43560733 7.55801024
 7.63393145 7.63487277 7.62770083 7.60458462 7.60395048 7.63008329
 7.71980449 7.80893889 7.83997843 7.83886668 7.85700251 7.9341076
 8.02897003 8.18174854 8.34038886 8.5047234  8.67250273 8.83600953]

Model admiring_joliot trained with averages:

[-1.36727381 -1.26404656 -1.17824823 -1.43390538 -1.49721633 -1.55570611
 -1.4790694  -1.5605212  -1.28437579 -1.17533037 -1.07435471 -1.0481488
 -1.09603455 -1.11584232 -1.15051147 -0.99352131 -1.36781633 -1.22875627
 -1.14365937 -1.12828559 -1.21886064 -1.01242921 -0.96521776 -1.23582485
 -1.45488898 -1.58345446 -1.44671163 -1.71184841 -2.1386548  -2.03262005
 -1.97922933 -2.17530934 -2.28105709 -2.25334985 -2.13442542 -2.02892362
 -1.91281299 -1.77364181 -1.73638462 -1.84118331 -1.82583553 -1.96214189
 -2.08767091 -1.79318286 -1.75387178 -1.96922136 -1.68479043 -1.97978417]

And standard deviations:

[6.14408507 6.29443528 6.36226135 6.38928027 6.50458775 6.6380357
 6.74317599 6.77358215 6.8306323  6.84390269 6.89884826 6.98991608
 7.12746218 7.2237948  7.26063059 7.28383118 7.25592741 7.30168818
 7.3292266  7.3065635  7.28115375 7.26135861 7.27768659 7.2047095
 7.29878998 7.39130624 7.40620902 7.39132145 7.43560733 7.55801024
 7.63393145 7.63487277 7.62770083 7.60458462 7.60395048 7.63008329
 7.71980449 7.80893889 7.83997843 7.83886668 7.85700251 7.9341076
 8.02897003 8.18174854 8.34038886 8.5047234  8.67250273 8.83600953]