

Generated 2021-12-20T14:12:17.146468. Summary:


None

2021-12-20T14:12:18.942564
Created model with parameters:

- num_inputs: 245
- num_outputs: 48
- num_layers: 2
- layer_space: linear

2021-12-20T14:13:20.421630
Training model with parameters:
- steps_per_epoch: 1692
- epochs: 10

Generated 2021-12-20T14:13:17.405312. Summary:


None

2021-12-20T14:16:29.279704
Training complete

Model competent_chaum trained with averages:

[-1.97275872 -1.65152775 -1.91846103 -1.88845978 -1.81779125 -1.65102993
 -1.35859208 -1.48520242 -1.35251899 -1.49896819 -1.72062804 -1.95783183
 -1.96952622 -1.94120637 -2.0359515  -2.01758145 -1.86704215 -1.83739365
 -1.66034309 -1.78179437 -1.69842722 -1.62653489 -1.77027787 -1.93605992
 -1.92450582 -1.86102642 -1.87766636 -2.19780238 -2.24131142 -2.18787844
 -2.28854761 -2.21067802 -2.01756684 -1.87840361 -1.94648551 -2.05472156
 -2.19548809 -2.16904233 -2.00591358 -2.12914762 -1.97484271 -1.97153017
 -1.90244276 -1.93169228 -1.80695138 -1.9114448  -2.00988509 -2.04985677]

And standard deviations:

[ 7.67545272  7.85016348  7.92986916  8.02541894  8.15122275  8.32713501
  8.51009449  8.62376011  8.72308305  8.69413818  8.69090564  8.78719628
  8.95677287  9.1677237   9.29941055  9.45314406  9.57161148  9.69138273
  9.7341015   9.75396514  9.73562293  9.77727562  9.82504902  9.95656588
 10.14972029 10.30380007 10.40118308 10.43086435 10.530474   10.67384868
 10.77787279 10.85950956 10.93103527 10.94754243 10.93524508 11.03107127
 11.17364196 11.32698744 11.50560605 11.61086133 11.73430159 11.83434206
 11.90624663 11.95530819 11.99933739 12.03984807 12.11339471 12.21615638]