

Generated 2021-12-20T14:12:17.146468. Summary:


None

2021-12-20T14:12:32.811512
Created model with parameters:

- num_inputs: 245
- num_outputs: 48
- num_layers: 5
- layer_space: log

2021-12-20T14:27:31.347445
Training model with parameters:
- steps_per_epoch: 33859
- epochs: 10

Generated 2021-12-20T14:27:25.881177. Summary:


None

2021-12-20T14:49:14.671264
Training complete

Model suspicious_driscoll trained with averages:

[ 489.70361684  486.78579691  471.51720994  464.53075084  451.23279871
  461.64034339 -100.          468.79187959  492.61222926  499.95447467
  548.76233234  559.31659009  617.09161829  600.22103113  678.40828771
  668.58248698  713.5076409   722.88271609  752.545593    759.06145263
  780.53184095  766.13482698 -100.          777.22363392  780.44465554
  770.9844032   740.54272091  733.99146383  692.61726147  692.74824604
 -100.          666.5397459   618.06861123  624.51724487  591.84044161
  599.03994585  580.38385939  573.81714729  560.39681197  558.13375134
  555.88107823  561.68552355  540.33265439  530.25600486  531.21618408
  528.77172001  519.81298433  523.87321151]

And standard deviations:

[143.61579808 139.88937115 133.76952809 130.83052747 129.68256374
 139.85120854   0.         174.99566715 213.90316329 228.77010867
 278.69772013 291.91691509 336.2987737  322.90385904 362.01541322
 350.43721739 364.40008779 348.40514678 350.17267554 330.40175988
 316.29129449 297.17585193   0.         276.55603423 267.20673208
 261.1232799  249.37961802 253.03678465 251.89970689 269.91271305
   0.         307.61476044 312.99574909 332.96674125 331.39445194
 338.78371742 326.20682664 316.41468923 291.32311023 276.76033554
 252.37728554 244.09934806 216.10248524 200.2327218  192.6423269
 188.64970208 183.15877049 182.75972657]