

Generated 2021-12-20T14:12:17.146468. Summary:


None

2021-12-20T14:12:20.023941
Created model with parameters:

- num_inputs: 245
- num_outputs: 48
- num_layers: 2
- layer_space: linear

2021-12-20T14:27:00.908727
Training model with parameters:
- steps_per_epoch: 16929
- epochs: 10

Generated 2021-12-20T14:26:54.685806. Summary:


None

2021-12-20T14:40:19.082378
Training complete

Model sharp_jones trained with averages:

[-1.80408971 -2.06579924 -2.26635839 -2.35451883 -1.98443351 -2.07774756
 -2.14481459 -1.54054836 -1.82458698 -2.17828268 -1.86415752 -1.92950289
 -2.25215112 -1.62278664 -2.03943871 -1.50569133 -1.37073279 -1.42725486
 -1.43559831 -1.21248443 -1.47052285 -1.35518301 -0.52870637 -0.89892372
 -1.4833256  -1.06315661 -1.21074896 -1.98749656 -1.50492008 -1.11375137
 -0.70528472 -0.87270791 -1.18045555 -1.24445833 -1.43649964 -1.539531
 -1.12206049 -1.26985236 -1.27490785 -0.78260327 -0.04477692 -0.2416356
 -0.2696122  -0.25282202 -0.23849579 -0.04521658 -0.25301106 -0.36366288]

And standard deviations:

[ 7.05376572  7.13671145  7.22526007  7.25566822  7.37734388  7.45370477
  7.48381602  7.5245029   7.50244502  7.51317711  7.56814937  7.62721034
  7.66935206  7.82461616  7.84277946  7.89092715  7.97986288  7.97124233
  8.03968078  8.11114206  8.14307072  8.18141279  8.32130932  8.45736054
  8.53766511  8.72200277  8.76889065  8.71557294  8.78412148  8.84931022
  8.89039288  8.8527826   8.84879254  8.85015549  8.84958971  8.92861548
  9.11807229  9.16625356  9.19432919  9.29899468  9.35934689  9.36956593
  9.4519253   9.52479367  9.64917623  9.79640582  9.96044129 10.07854745]