

Generated 2021-12-20T14:12:17.146468. Summary:


None

2021-12-20T14:12:30.026855
Created model with parameters:

- num_inputs: 245
- num_outputs: 48
- num_layers: 5
- layer_space: linear

2021-12-20T14:27:04.549927
Training model with parameters:
- steps_per_epoch: 33859
- epochs: 10

Generated 2021-12-20T14:27:00.423215. Summary:


None

2021-12-20T14:49:41.901330
Training complete

Model sleepy_mirzakhani trained with averages:

[1709.71022752 1738.92362133 1709.15871816 1734.73548348 1800.37767826
 1785.41576328 1874.19709358 1882.46513121 2006.77568482 2038.2667993
 2210.34310536 2202.81659639 2482.54048855 2457.11987386 2661.40283236
 2679.54642075 -100.         2870.01004034 -100.         3056.63692483
 3204.24932044 3204.55779725 3343.93426918 3348.59735291 3504.78137228
 3497.08853733 3582.46434071 3586.97755608 3601.97158884 3602.36469337
 3593.14829637 3583.79836771 3422.51091697 3439.77014162 3207.25453537
 3205.35384477 2961.95018646 2966.75881352 2729.71278223 2725.628192
 2507.46243098 2504.77094077 2227.62816999 2229.6458393  1989.35532149
 1996.72700606 1862.32726616 1844.13400836]

And standard deviations:

[ 275.02259442  267.47294848  279.92194203  296.37116347  349.26183891
  388.08240738  462.2768117   513.35305562  599.9445035   648.93778472
  747.59032004  772.15492758  900.53984523  898.14823232  963.13493534
  958.55090916    0.          940.35356966    0.          867.96074239
  825.39205402  751.35716749  701.62077106  641.57252468  623.38075918
  614.53402371  655.64632177  726.2245327   794.15341811  892.26456919
  957.86485735 1029.75723144 1007.17717488 1046.21794614  971.51238045
  975.58148668  877.53792264  868.26265918  759.55613784  745.63987746
  653.53524021  627.35564124  530.15907817  498.36773087  434.74076086
  403.40781742  372.33741398  341.35595312]