

Generated 2021-12-20T14:12:17.146468. Summary:


None

2021-12-20T14:12:21.033912
Created model with parameters:

- num_inputs: 245
- num_outputs: 48
- num_layers: 2
- layer_space: log

2021-12-20T14:13:58.377608
Training model with parameters:
- steps_per_epoch: 1692
- epochs: 10

Generated 2021-12-20T14:13:52.800605. Summary:


None

2021-12-20T14:16:57.319689
Training complete

Model amazing_banzai trained with averages:

[-2.12037791 -2.0682913  -1.91186796 -1.75702725 -1.69413806 -1.50473739
 -1.40595242 -1.4164366  -1.44207722 -1.59530879 -1.68654232 -2.04006055
 -1.9740277  -2.16675167 -2.06756178 -2.05227703 -1.98380147 -1.99856715
 -1.86180235 -2.17677465 -2.30606435 -2.52293083 -2.6489318  -2.49512569
 -2.3575393  -2.31909192 -2.14835244 -2.07283701 -1.9001773  -1.9141589
 -1.85902926 -1.8036129  -1.66829523 -1.87221572 -1.99289479 -2.19663203
 -2.23739279 -2.18324526 -2.20161227 -2.29226836 -2.19745106 -2.15031849
 -2.21828529 -2.32911896 -2.69428434 -2.77683576 -2.81548488 -2.72667468]

And standard deviations:

[ 7.85587125  8.04354128  8.16020033  8.2658136   8.40821168  8.61136621
  8.76990419  8.8768591   8.90736449  8.86139561  8.78503229  8.80290588
  8.95122825  9.09249384  9.21449406  9.32892199  9.43963705  9.54042621
  9.60949443  9.60537788  9.64456106  9.69057354  9.80168689  9.98811936
 10.2205859  10.46479209 10.63140774 10.73840197 10.87870905 11.03458216
 11.14935155 11.17907976 11.17744089 11.12701351 11.06939145 11.04987924
 11.13081302 11.27408696 11.39430248 11.49840812 11.61086271 11.69469681
 11.79397151 11.81996141 11.8498462  11.90813842 12.02832484 12.20732577]