

Generated 2021-12-20T14:12:17.146468. Summary:


None

2021-12-20T14:12:24.382425
Created model with parameters:

- num_inputs: 245
- num_outputs: 48
- num_layers: 3
- layer_space: linear

2021-12-20T14:27:03.829642
Training model with parameters:
- steps_per_epoch: 16929
- epochs: 10

Generated 2021-12-20T14:27:00.426750. Summary:


None

2021-12-20T14:41:15.029328
Training complete

Model pedantic_knuth trained with averages:

[0.64228195 0.28353321 0.33102261 0.38826067 0.55543099 0.20569082
 0.20850744 0.57677171 0.1012551  0.4614788  0.29954935 0.44545755
 0.13167894 0.2030471  0.76282697 0.99725984 1.13420863 1.02575402
 0.65878867 0.61130862 1.02817598 0.6374612  0.90746248 1.16841251
 1.19866644 2.15749051 2.36272703 2.37198528 1.99186481 1.50247034
 0.97758921 0.63894136 1.17796886 1.92494895 1.88714085 2.21627498
 1.80041836 2.11549606 2.22247921 2.59825565 2.50296247 2.13828404
 1.23177611 1.23592755 0.82730658 0.76212078 0.73151793 1.35768309]

And standard deviations:

[6.0646421  6.09083826 6.15736235 6.16179256 6.25117801 6.35726214
 6.39917876 6.48375959 6.66238187 6.75089463 6.83887129 6.94258377
 7.0636032  7.20227475 7.0732325  7.13782151 7.0910754  7.10411224
 7.1342366  7.12447471 7.10359986 7.15716562 7.16146105 7.19134683
 7.23337552 7.28622665 7.3390164  7.40961615 7.47973012 7.53579073
 7.72532446 7.87385992 8.06074111 7.93131218 7.84606383 7.80046538
 7.84610093 7.84440595 7.88543035 7.89173574 7.95899079 7.95529393
 7.96743536 7.92464898 8.02002794 8.1305242  8.15255083 8.23229247]