

Generated 2021-12-20T14:12:17.146468. Summary:


None

2021-12-20T14:12:19.520699
Created model with parameters:

- num_inputs: 245
- num_outputs: 48
- num_layers: 2
- layer_space: linear

2021-12-20T14:13:30.284740
Training model with parameters:
- steps_per_epoch: 8464
- epochs: 10

Generated 2021-12-20T14:13:26.197701. Summary:


None

2021-12-20T14:19:10.852066
Training complete

Model clever_chebyshev trained with averages:

[-0.60292578 -0.14791288  0.21811923  0.50197969  0.70788187  0.66636884
  0.8461999   0.74555468  1.12560926  0.85378259  0.79858428  0.36668985
  0.21727355  0.14265246  0.22135972  0.21394563  0.40710288  0.15879204
 -0.42902956 -0.84821046 -1.04122654 -1.50946957 -1.62676918 -1.61945568
 -0.80991128 -0.94377892 -0.52141895 -0.52613193 -0.24839483  0.03998703
  0.10123198  0.44081824  0.75984015  0.3404667   0.26183506  0.08180923
 -0.29109347 -0.15769917 -0.04633892  0.15030395  0.73067253  1.04424425
  0.50262699  0.05812795 -0.61002793 -0.79275848 -0.94359613 -0.89918026]

And standard deviations:

[6.63478835 6.84372829 7.1047763  7.32104196 7.50585384 7.66745441
 7.85739378 7.88253332 7.90224326 7.78234707 7.88275108 7.87672788
 7.93906378 8.0209028  8.08502106 8.07113072 8.09361298 8.10408829
 8.09129832 8.11690045 8.12885359 8.11997847 8.1382573  8.22438841
 8.43138456 8.60162716 8.77330524 8.89368016 9.04275026 9.16941422
 9.16019596 9.21500518 9.24580499 9.15254681 9.18956332 9.29925532
 9.32117218 9.42632153 9.53380416 9.55469411 9.60368063 9.56034628
 9.51836416 9.47685817 9.50230076 9.55739736 9.68346186 9.82203478]