

Generated 2021-12-20T19:25:38.093649. Summary:


None

2021-12-20T19:25:40.602744
Created model with parameters:

- num_inputs: 245
- num_outputs: 48
- num_layers: 3
- layer_space: linear

2021-12-20T19:26:08.193753
Training model with parameters:
- steps_per_epoch: 8464
- epochs: 20

Generated 2021-12-20T19:26:05.954308. Summary:


None

2021-12-20T19:33:20.945983
Training complete

Model competent_greider trained with averages:

[-1.42460974 -1.47504286 -1.0917848  -1.19051205 -1.58998478 -1.86735225
 -2.03286087 -1.77641205 -1.78285807 -1.6845095  -2.00645786 -2.0635372
 -1.77409227 -1.80301325 -2.00771641 -2.12468899 -2.52734357 -2.82585342
 -2.60662988 -2.19382188 -2.04880649 -1.12626544 -0.97022885 -1.40848659
 -1.32251126 -1.13959357 -1.12367225 -1.46966928 -1.98637009 -2.55512449
 -2.63245034 -2.8548287  -2.89831453 -2.4391146  -2.81874293 -2.51937955
 -2.41861073 -2.6966713  -2.79632894 -3.25390539 -3.77931772 -3.89498558
 -3.969595   -3.92469673 -3.81033588 -3.50893072 -3.23011713 -2.65736138]

And standard deviations:

[4.98858425 5.01792043 5.1263065  5.24168834 5.37480076 5.52535546
 5.59771364 5.67586152 5.76168474 5.82106998 5.81640083 5.85971731
 5.91212842 5.90642053 5.89846483 5.88393922 5.8954114  5.89802888
 5.91409929 5.97707419 6.03489673 6.09476589 6.1118258  6.06234523
 6.10451293 6.14484068 6.17751333 6.22929243 6.235853   6.23426676
 6.29199879 6.31577077 6.35766107 6.41938442 6.39760364 6.47614243
 6.47942323 6.44319375 6.43539326 6.41199879 6.40682303 6.44349463
 6.46607077 6.52416075 6.64024748 6.77736862 6.93116219 7.14273513]

Model competent_greider trained with averages:

[-1.42461331 -1.47504622 -1.0917879  -1.19051469 -1.58998702 -1.86735427
 -2.03286288 -1.77641433 -1.78286074 -1.68451254 -2.006461   -2.06354028
 -1.774095   -1.80301558 -2.00771807 -2.12469007 -2.52734412 -2.82585372
 -2.60663025 -2.19382259 -2.04880785 -1.12626755 -0.97023144 -1.40848943
 -1.32251414 -1.13959625 -1.12367459 -1.46967125 -1.98637164 -2.55512577
 -2.63245163 -2.85483015 -2.89831647 -2.43911681 -2.81874528 -2.51938177
 -2.41861262 -2.69667279 -2.79632974 -3.25390554 -3.77931737 -3.89498497
 -3.96959438 -3.92469642 -3.81033616 -3.5089316  -3.23011858 -2.65736302]

And standard deviations:

[4.98858336 5.01791964 5.12630563 5.24168746 5.37479976 5.52535431
 5.59771253 5.67586036 5.76168344 5.8210685  5.81639937 5.85971601
 5.91212737 5.90641971 5.89846429 5.88393882 5.89541106 5.89802857
 5.91409901 5.97707391 6.03489642 6.09476532 6.11182511 6.06234453
 6.10451231 6.14484017 6.17751291 6.22929187 6.23585238 6.23426609
 6.29199805 6.31577004 6.35766018 6.41938348 6.39760285 6.47614167
 6.4794228  6.44319347 6.43539317 6.41199872 6.40682302 6.44349468
 6.46607075 6.52416078 6.64024747 6.77736857 6.93116192 7.14273493]