

Generated 2021-12-20T14:12:17.146468. Summary:


None

2021-12-20T14:12:27.917777
Created model with parameters:

- num_inputs: 245
- num_outputs: 48
- num_layers: 5
- layer_space: linear

2021-12-20T14:13:30.471474
Training model with parameters:
- steps_per_epoch: 1692
- epochs: 10

Generated 2021-12-20T14:13:26.194143. Summary:


None

2021-12-20T14:17:07.461552
Training complete

Model charming_wescoff trained with averages:

[   3.10605883    3.20736298    3.23234919    3.00285446    3.11689716
    2.89686503    2.97722601    2.97366954    2.53810063    2.82056634
    2.69134618    2.42231397    1.86551946    1.99564671    2.23399112
    2.24888424    2.32743224    2.30866749    2.07040105    2.05978007
    1.75662707    1.61104303    1.5762851  -100.            2.39319265
    2.95364705 -100.         -100.            2.83006373    3.08207939
    3.27425442    3.42945354    3.08254909    3.02358387 -100.
    2.02989749    1.85029118    1.58627361    1.40056265    1.24108093
    1.05215067 -100.            1.49491503    1.12825916    1.01634936
    1.04008284    1.20465018    0.95078718]

And standard deviations:

[5.67366847 5.67253827 5.71641139 5.80360157 5.91897917 6.00103576
 6.01728171 6.03384361 6.03895189 6.08692538 6.09539026 6.15474734
 6.15362421 6.11809744 6.15710098 6.22842203 6.28033292 6.29043573
 6.38994526 6.50466907 6.57281367 6.53706201 6.58346533 0.
 6.90534599 7.1169107  0.         0.         7.24920111 7.15372021
 7.06536204 7.0137198  6.9925686  6.99028295 0.         7.02011031
 7.08509876 7.03587953 6.99367751 7.06897332 8.19351343 0.
 7.07625528 7.16107574 7.29613042 7.42985192 7.68141848 7.97540189]