

Generated 2021-12-20T14:12:17.146468. Summary:


None

2021-12-20T14:12:26.691197
Created model with parameters:

- num_inputs: 245
- num_outputs: 48
- num_layers: 3
- layer_space: log

2021-12-20T14:27:07.703543
Training model with parameters:
- steps_per_epoch: 16929
- epochs: 10

Generated 2021-12-20T14:27:03.522643. Summary:


None

2021-12-20T14:41:09.148827
Training complete

Model musing_euclid trained with averages:

[-0.97697788 -0.62835558 -0.12126165 -0.07049802  0.33733091  0.36065777
 -0.27097435 -0.29172302 -0.77232509 -1.25956672 -1.21314096 -1.26987675
 -1.21356452 -0.88169164 -0.56889102 -0.71980792 -1.14881921 -1.06538291
 -1.29846317 -1.68303541 -1.84916801 -1.69975319 -2.10617358 -0.8955415
 -0.7450789  -0.43827323 -0.34256597 -0.38637328  0.48842819  0.18278102
  0.13649396 -0.37832896 -0.24603449 -0.09655622 -0.46546956 -0.44915247
 -0.74041095 -0.40914133 -1.11823268 -1.17003604 -1.34678884 -1.13576356
 -1.33157816 -0.95691309 -1.04798656 -1.11970357 -1.92499281 -1.16037605]

And standard deviations:

[6.59090542 6.59251297 6.56420067 6.64886519 6.60461318 6.64451637
 6.741735   6.84118679 6.95591385 6.98239881 7.02009095 7.04335191
 7.09246846 7.19385633 7.26078264 7.31956007 7.36613524 7.34613389
 7.36734022 7.33401005 7.2909222  7.24405525 7.3219178  7.31213327
 7.33156274 7.44220823 7.50494483 7.58978438 7.66410376 7.64624163
 7.71697303 7.81375099 7.79452517 7.78728627 7.70393032 7.72140105
 7.66944495 7.66209201 7.70197855 7.67981289 7.73639495 7.72244376
 7.70349468 7.61553373 7.59225227 7.64440462 7.75061801 7.92810007]