

Generated 2021-12-20T19:25:38.093649. Summary:


None

2021-12-20T19:25:42.015489
Created model with parameters:

- num_inputs: 245
- num_outputs: 48
- num_layers: 4
- layer_space: linear

2021-12-20T19:26:40.000725
Training model with parameters:
- steps_per_epoch: 8464
- epochs: 20

Generated 2021-12-20T19:26:37.766400. Summary:


None

2021-12-20T19:34:09.750688
Training complete

Model cool_joliot trained with averages:

[-9.98737340e-02 -2.25056016e-01 -2.91882443e-01  8.36176005e-03
 -1.00000000e+02 -1.52759133e+00 -1.49464800e+00 -1.00000000e+02
 -1.19569303e+00 -1.00000000e+02  1.03441502e-01 -1.00000000e+02
  1.53524401e+00  1.93266250e+00  1.79274064e+00  1.86378156e+00
  1.92628964e+00  2.17343498e+00  1.73784696e+00  8.65458378e-01
 -1.00000000e+02  1.07879709e+00  9.01494449e-01  3.29387304e-01
  2.04407604e-01  2.40968414e-01  8.26752984e-02 -2.92988117e-01
 -3.95672531e-01 -7.32247374e-01 -1.11364472e+00 -8.40297763e-01
 -3.03435336e-01 -2.25308658e-01 -1.00000000e+02 -9.79427400e-02
  6.46874593e-01  1.78157392e+00  1.84809574e+00  1.86808277e+00
  1.87091693e+00  1.71327952e+00  9.74410428e-01  1.15706524e+00
  8.26133396e-01  4.59476224e-01  3.93434009e-01 -7.54399619e-02]

And standard deviations:

[5.10500762 5.13889783 5.20299102 5.26859057 0.         5.32217246
 5.39281491 0.         5.57011266 0.         5.68914362 0.
 5.79589305 5.81958015 5.82147002 5.8169276  5.84716448 5.88308567
 5.8729283  5.87339864 0.         5.99381167 5.98107537 5.92918768
 5.95503629 6.02396149 6.01697836 6.02763763 6.08471601 6.07091746
 6.07058157 6.11530976 6.21850461 6.28979995 0.         6.36846934
 6.40847258 6.47508176 6.49406315 6.50851342 6.53191192 6.52045252
 6.49318912 6.59444258 6.72276286 6.84507261 7.00142697 7.15781378]

Model cool_joliot trained with averages:

[-9.98725452e-02 -2.25054617e-01 -2.91881020e-01  8.36310290e-03
 -1.00000000e+02 -1.52759061e+00 -1.49464763e+00 -1.00000000e+02
 -1.19569321e+00 -1.00000000e+02  1.03441533e-01 -1.00000000e+02
  1.53524488e+00  1.93266375e+00  1.79274209e+00  1.86378312e+00
  1.92629113e+00  2.17343630e+00  1.73784811e+00  8.65459385e-01
 -1.00000000e+02  1.07879798e+00  9.01495539e-01  3.29388580e-01
  2.04409211e-01  2.40970224e-01  8.26771465e-02 -2.92986481e-01
 -3.95671100e-01 -7.32246271e-01 -1.11364402e+00 -8.40297372e-01
 -3.03435286e-01 -2.25308623e-01 -1.00000000e+02 -9.79423988e-02
  6.46875293e-01  1.78157490e+00  1.84809687e+00  1.86808394e+00
  1.87091803e+00  1.71328042e+00  9.74411094e-01  1.15706566e+00
  8.26133742e-01  4.59476592e-01  3.93434598e-01 -7.54391589e-02]

And standard deviations:

[5.10500772 5.13889805 5.20299118 5.26859065 0.         5.32217251
 5.39281501 0.         5.57011269 0.         5.68914355 0.
 5.79589298 5.8195801  5.82147001 5.81692762 5.84716443 5.88308571
 5.87292835 5.87339881 0.         5.99381194 5.98107567 5.92918795
 5.95503659 6.02396183 6.01697869 6.02763785 6.08471617 6.0709176
 6.07058165 6.1153098  6.21850458 6.2897999  0.         6.36846926
 6.40847251 6.47508169 6.49406305 6.50851334 6.53191185 6.52045239
 6.49318904 6.59444257 6.72276291 6.84507263 7.00142705 7.15781392]