

Generated 2021-12-20T14:12:17.146468. Summary:


None

2021-12-20T14:12:24.934670
Created model with parameters:

- num_inputs: 245
- num_outputs: 48
- num_layers: 3
- layer_space: linear

2021-12-20T14:26:58.124956
Training model with parameters:
- steps_per_epoch: 33859
- epochs: 10

Generated 2021-12-20T14:26:54.692087. Summary:


None

2021-12-20T14:47:15.341622
Training complete

Model flamboyant_payne trained with averages:

[ 444.67610606  427.15984592  433.28100624  397.85235842  425.15929025
  467.63012274  557.81842181  564.43774231  709.51750161  729.75679235
  966.55355808  978.89856472 1208.23499919 1267.28596043 1505.57749067
 1498.97033754 1673.98906838 1676.71883078 1772.62267372 1702.79218108
 1702.58087688 1659.37633172 1624.3756859  1600.07330101 1547.99034721
 1547.62196251 1488.41683268 1477.89880894 1452.70183374 1484.0669341
 1411.02403828 1452.51434774 1364.66724208 1429.8759977  1383.35105847
 1375.4235191  1293.78985686 1340.95527358 1220.40549684 1230.88564737
 1021.17338917 1057.73825121  795.66015321  815.09464439  592.7228763
  542.69326765  394.16609145  453.82215693]

And standard deviations:

[ 570.91587052  569.05257461  586.82741778  577.88234028  632.85708428
  661.07433638  788.48800951  810.44153982  993.20433872 1042.68054726
 1288.76022147 1330.71593261 1562.75717729 1621.29442451 1825.81444438
 1809.52709255 1928.60008942 1896.20327774 1892.25671898 1809.77423074
 1722.97009773 1644.90432213 1535.34627533 1478.33161509 1367.93981643
 1347.77693511 1296.17841911 1293.55681339 1262.583384   1296.22014817
 1280.47542805 1316.31913202 1303.80100658 1360.83533588 1338.25391866
 1392.08177543 1347.32318549 1385.89885182 1278.10027622 1289.89801986
 1097.01639138 1092.59356149  863.14755578  850.7219523   657.6988603
  616.8741848   508.97701525  487.07189129]