

Generated 2021-12-20T14:12:17.146468. Summary:


None

2021-12-20T14:12:22.132337
Created model with parameters:

- num_inputs: 245
- num_outputs: 48
- num_layers: 2
- layer_space: log

2021-12-20T14:27:07.548926
Training model with parameters:
- steps_per_epoch: 16929
- epochs: 10

Generated 2021-12-20T14:27:03.526500. Summary:


None

2021-12-20T14:40:34.046093
Training complete

Model magical_gates trained with averages:

[-0.59694425 -0.64297269 -0.93185079 -0.70036549 -1.06884601 -0.77037065
 -0.50473188 -0.74105547 -1.05726253 -0.6567322  -0.64143843 -0.45568603
 -0.63161967 -0.72289844 -0.43317147 -0.57760095 -0.54526138 -0.87372656
 -0.80038764 -0.23349083 -0.4268009   0.06993    -0.31251155  0.11790071
  0.19752168  0.02403481  0.12241404 -0.33332235 -0.17984034 -0.01274516
 -0.44319007 -0.67265677 -0.79396423 -0.08694273  0.46607898  0.00889441
 -0.10288651 -0.33779192 -0.09124026 -0.53444949 -0.73744962 -0.93988039
 -0.96506546 -1.18828318 -0.95323991 -0.88035241 -1.32454641 -0.79681023]

And standard deviations:

[7.16313106 7.43867305 7.4221013  7.52428698 7.49847221 7.64012193
 7.71358842 7.8326992  7.83115382 7.83704713 7.848816   7.94425689
 8.04569114 8.11071817 8.11401307 8.07228476 8.13759285 8.18435053
 8.28687575 8.36625784 8.40267346 8.4303855  8.39881725 8.60810931
 8.72810731 8.8088402  8.8212964  8.86620877 8.90580252 8.89681543
 8.88715782 8.98523588 9.00670332 8.97903325 8.9766724  8.91849386
 8.96635288 8.96028428 8.95400608 8.87141798 8.8338006  8.87218367
 9.00281989 9.0457538  9.16535628 9.20805741 9.30756186 9.38558243]