

Generated 2021-12-20T14:12:17.146468. Summary:


None

2021-12-20T14:12:29.362690
Created model with parameters:

- num_inputs: 245
- num_outputs: 48
- num_layers: 5
- layer_space: linear

2021-12-20T14:27:26.324836
Training model with parameters:
- steps_per_epoch: 16929
- epochs: 10

Generated 2021-12-20T14:27:21.952179. Summary:


None

2021-12-20T14:42:52.369774
Training complete

Model stupefied_heyrovsky trained with averages:

[ 2.98964408e+00  4.75854653e+00  4.49444779e+00  4.68006496e+00
  3.29065481e+00  2.37765208e+00 -1.00000000e+02  4.67873231e-01
  6.96149963e-01  4.08959739e-01  6.58640302e-01  7.95332419e-01
  8.97477762e-01  1.22239509e+00  1.77176256e+00  1.67686083e+00
 -1.00000000e+02  1.28360267e+00  1.27716023e+00  1.27429399e+00
  1.60014584e+00  2.15056452e+00 -1.00000000e+02  2.78172297e+00
  2.86243291e+00  2.96404477e+00  2.77017059e+00 -1.00000000e+02
  2.15072927e+00 -1.00000000e+02 -6.14686321e-02  7.71075274e-03
 -3.68808937e-01 -1.08256088e+00 -1.08372387e+00 -1.00000000e+02
 -5.29455354e-01  5.10366073e-01  2.90676573e-01  8.90879123e-02
  9.48793346e-02 -2.33379879e-01 -1.00000000e+02 -6.69252458e-01
 -6.25933049e-01 -1.80080325e-01  1.61762815e-01  1.29665308e-01]

And standard deviations:

[7.35728367 7.52091182 7.50605419 7.578999   7.49367561 7.58964137
 0.         7.60189524 7.64944542 7.47176435 7.26359038 7.24050076
 7.24082396 7.29334196 7.36073349 7.3629748  0.         7.39073712
 7.42064977 7.5435979  7.61631871 7.7097276  0.         7.8742597
 8.00709211 8.18406022 8.22037656 0.         8.21658254 0.
 8.11689726 8.08260326 8.05758559 7.86371345 7.74143263 0.
 7.60343767 7.61158072 7.59171769 7.62058252 7.66420462 7.64855723
 0.         7.70391162 7.8280336  7.97690938 8.13563864 8.36011424]