

Generated 2021-12-20T14:12:17.146468. Summary:


None

2021-12-20T14:12:22.637893
Created model with parameters:

- num_inputs: 245
- num_outputs: 48
- num_layers: 2
- layer_space: log

2021-12-20T14:13:32.407896
Training model with parameters:
- steps_per_epoch: 33859
- epochs: 10

Generated 2021-12-20T14:13:27.439338. Summary:


None

2021-12-20T14:25:38.101201
Training complete

Model angry_euclid trained with averages:

[ 3920.26001291  3905.4765435   4016.62780328  3991.78885006
  4258.66377935  4288.52802111  4752.64081928  4807.62823764
  5478.07227491  5520.12328999  6300.93578681  6345.37422755
  7290.05370316  7306.70139778  8255.09390641  8266.02441174
  9276.20444695  9232.47662495 10072.44680194 10033.06337559
 10699.08804246 10689.4889501  11030.62278869 10972.09797485
 11194.84312798 11163.81761417 11020.27721209 11027.26133681
 10610.27388432 10630.6137526  10057.89004248 10060.61614526
  9269.01226622  9299.1206638   8368.71641299  8381.10078236
  7373.98344261  7375.99176525  6363.74373363  6365.39124597
  5476.94953515  5474.702311    4710.04443976  4688.38423421
  4145.08867905  4136.91847707  3767.66992032  3784.44059404]

And standard deviations:

[ 600.96819309  603.27056608  665.837171    705.41873401  837.60216069
  919.57246002 1113.10245367 1225.24039767 1471.85837491 1602.39960658
 1873.99087556 1998.33489952 2272.97226587 2369.14677864 2599.20634211
 2634.41748241 2799.99736518 2759.0218343  2810.53450139 2692.85368216
 2630.52033337 2461.85380877 2301.46506186 2109.28252788 1950.54356637
 1817.76332132 1715.96836728 1698.33159628 1677.03416157 1749.25173611
 1749.21754076 1844.52769908 1787.22272368 1880.85261214 1742.26188432
 1810.4519222  1610.7894748  1649.26545466 1426.64999108 1446.00853445
 1235.28106693 1230.98103722 1054.40555573 1028.15707586  906.30110091
  878.43703959  800.56830907  781.80626315]