

Generated 2021-12-20T14:12:17.146468. Summary:


None

2021-12-20T14:12:23.728465
Created model with parameters:

- num_inputs: 245
- num_outputs: 48
- num_layers: 3
- layer_space: linear

2021-12-20T14:50:09.929726
Training model with parameters:
- steps_per_epoch: 8464
- epochs: 10

Generated 2021-12-20T14:50:07.930340. Summary:


None

2021-12-20T14:54:14.634302
Training complete

Model youthful_goodall trained with averages:

[-3.25040975 -3.13735135 -3.04058064 -2.74029711 -2.72422683 -2.9817548
 -3.0662752  -2.57415792 -2.61885723 -2.30337016 -2.33681551 -2.33209234
 -2.39641132 -2.05655255 -2.44671756 -2.7276554  -2.76079637 -2.92371469
 -3.15073259 -2.97475654 -3.06314797 -3.23969001 -2.83563543 -2.54545981
 -2.11539273 -2.06055097 -2.58256125 -2.22368662 -2.21367196 -1.95067245
 -1.9767691  -1.85750549 -2.18515702 -2.06226986 -1.92947509 -1.89675033
 -2.26319526 -1.87508227 -2.21793975 -1.87879304 -1.85619298 -2.16777966
 -1.99065362 -2.20909724 -2.19144618 -2.15176238 -2.03897913 -2.14926928]

And standard deviations:

[5.83871304 5.8562822  5.88482987 5.9074207  5.93770513 5.99271887
 6.05043048 6.12115372 6.17209723 6.13504584 6.14481015 6.15120422
 6.22122235 6.25924998 6.31519538 6.32384367 6.40967828 6.47493687
 6.55632317 6.69298586 6.77915888 6.82482044 6.83181976 6.80442579
 6.87658886 6.92187376 6.92721311 6.96436236 6.98358364 7.00938802
 6.97589145 6.98958869 7.02899877 7.01245914 7.02240456 7.00371522
 7.00954771 7.00142702 7.00014536 6.95430389 6.98142333 7.03823871
 7.09802509 7.27169105 7.41763652 7.54816117 7.73518371 7.95683115]