

Generated 2021-12-20T14:12:17.146468. Summary:


None

2021-12-20T14:12:20.537196
Created model with parameters:

- num_inputs: 245
- num_outputs: 48
- num_layers: 2
- layer_space: linear

2021-12-20T14:50:12.507168
Training model with parameters:
- steps_per_epoch: 33859
- epochs: 10

Generated 2021-12-20T14:50:10.136575. Summary:


None

2021-12-20T15:00:01.671998
Training complete

Model wonderful_darwin trained with averages:

[2816.96585138 2777.24539737 2598.63377702 2585.95045249 2554.27009997
 2540.41755616 2697.54682012 2714.92713958 2907.92747504 2950.71170415
 3334.17587543 3386.02339716 3790.6754046  3851.44796681 4305.67435256
 4342.65955454 4846.2175238  4777.90661105 5280.48074572 5239.0238783
 5715.62867968 5674.28851683 6111.93871545 6043.07975293 6404.2579872
 6418.86841891 6672.29239235 6697.92057609 6894.42375096 6924.09119219
 6967.62018366 6985.13322786 6899.30011996 6965.69068589 6690.63307629
 6723.46263063 6256.18721735 6292.87410134 5760.50563042 5750.55570076
 5123.4392107  5146.71377313 4436.02155712 4411.57818183 3752.08257331
 3743.3400954  3155.97397122 3165.10760304]

And standard deviations:

[1051.09380686 1005.09845884 1142.4360083  1142.03126796 1318.83317139
 1345.37433497 1525.74530065 1584.15653566 1781.42661641 1879.11144286
 2116.59098526 2228.54771091 2441.18004843 2532.27623428 2696.49993092
 2728.11723901 2799.12035987 2718.17051005 2710.30413962 2581.36399319
 2488.81797639 2334.85324548 2193.40596517 2038.03828727 1888.02812288
 1800.1256085  1695.69960615 1699.22087608 1664.3572124  1761.98807907
 1766.83928514 1908.95019921 1903.34359161 2058.06640734 2008.26592149
 2130.89492497 2002.75505424 2081.87561382 1928.89633468 1939.85078825
 1754.2989331  1724.70664109 1535.83447011 1466.22545681 1321.52570971
 1238.25365941 1156.93778362 1088.58699395]