

Generated 2021-12-20T14:12:17.146468. Summary:


None

2021-12-20T14:12:32.145090
Created model with parameters:

- num_inputs: 245
- num_outputs: 48
- num_layers: 5
- layer_space: log

2021-12-20T14:50:12.149983
Training model with parameters:
- steps_per_epoch: 16929
- epochs: 10

Generated 2021-12-20T14:50:10.135112. Summary:


None

2021-12-20T14:57:29.725894
Training complete

Model youthful_noether trained with averages:

[ 2.97680866e+00  3.29212137e+00 -1.00000000e+02  3.68885205e+00
  2.71528693e+00  2.18970153e+00 -1.00000000e+02  2.54376250e+00
  2.09699471e+00  2.22387049e+00  3.05465886e+00  3.50931410e+00
  4.11616628e+00  4.35159135e+00  3.96023366e+00  3.52351855e+00
  3.89999136e+00  3.81639780e+00  3.60410751e+00 -1.00000000e+02
  1.99953770e+00  1.71921815e+00  1.83814024e+00  1.64206881e+00
  2.11403444e+00  1.87956689e+00  2.16165052e+00  2.51301755e+00
  2.84792530e+00  3.31530741e+00  2.57067681e+00  2.66699466e+00
  2.33299015e+00  3.18963338e+00  3.84287027e+00  3.90443363e+00
  3.97059766e+00  4.41879039e+00  4.01990436e+00  3.48255827e+00
  2.93293325e+00  2.80594228e+00  1.89035943e+00  1.21907231e+00
  4.73799584e-01 -2.25061743e-01 -8.71958323e-02  1.28866649e+00]

And standard deviations:

[7.34327737 7.17896953 0.         6.88236665 6.62535186 6.54517488
 0.         6.67724696 6.71128907 6.81293452 7.07483407 7.35075217
 7.52634342 7.64208245 7.64339253 7.74986113 7.89168477 7.95580695
 8.08147041 0.         8.2256969  8.17508208 8.07964607 7.96653792
 7.98743764 7.87395402 7.83907086 7.74882    7.73270814 7.71177751
 7.64260913 7.66495841 7.64554663 7.67170194 7.77594673 7.87296552
 7.9048332  7.90127781 7.83239439 7.84825023 7.91871448 8.1021062
 8.12592174 8.2369463  8.30810719 8.30749189 8.38242278 8.59374724]