

Generated 2021-12-20T14:12:17.146468. Summary:


None

2021-12-20T14:12:27.243554
Created model with parameters:

- num_inputs: 245
- num_outputs: 48
- num_layers: 3
- layer_space: log

2021-12-20T14:13:21.994206
Training model with parameters:
- steps_per_epoch: 33859
- epochs: 10

Generated 2021-12-20T14:13:18.323185. Summary:


None

2021-12-20T14:26:12.831164
Training complete

Model affectionate_franklin trained with averages:

[1677.10446454 1584.69936426 1711.34436588 1753.93577555 2083.8543015
 2111.7708706  2827.36257239 2843.87449635 3892.88087854 3915.79103757
 4964.78007394 5088.39552007 5919.87073198 6221.4365198  7403.63677132
 7343.25635056 8314.84337739 8269.02808688 8954.17772721 8889.81295465
 9313.50707357 9186.36790996 9209.4639609  9146.79036913 9026.33683134
 9046.45066101 8890.76948472 8913.00215529 8560.61305796 8588.25722783
 8150.71530737 8164.94418579 7518.25366836 7569.45036085 6783.82567488
 6868.11536428 5864.86301067 5932.61643586 5007.06905549 4901.50096224
 4054.58343734 3943.99319729 3066.30296359 3061.45050435 2357.05104744
 2385.23366487 1824.21944521 1768.51374726]

And standard deviations:

[ 823.01790252  785.51492244  949.61193377  954.90275803 1199.86353345
 1232.96763282 1558.65904517 1633.26043558 2071.60080652 2197.45230421
 2688.72627496 2829.7499499  3226.30497916 3398.10773005 3857.14014222
 3840.93192191 4095.54820368 3963.03463407 3992.69684593 3803.01568113
 3629.55313781 3375.6959588  3056.244219   2839.56290038 2561.4711525
 2459.95923837 2301.8744231  2389.1913446  2335.41641815 2510.79492695
 2485.5152847  2664.45784288 2531.42415401 2660.81380564 2425.07563714
 2522.41415388 2170.47196325 2213.69602067 1846.60103242 1800.93799111
 1467.25771596 1394.43484709 1123.95944893 1048.43383994  882.21709126
  827.59847952  784.12916056  718.32775314]