

Generated 2021-12-20T14:12:17.146468. Summary:


None

2021-12-20T14:12:26.031777
Created model with parameters:

- num_inputs: 245
- num_outputs: 48
- num_layers: 3
- layer_space: log

2021-12-20T14:50:09.637787
Training model with parameters:
- steps_per_epoch: 8464
- epochs: 10

Generated 2021-12-20T14:50:07.928512. Summary:


None

2021-12-20T14:54:17.102245
Training complete

Model upbeat_bassi trained with averages:

[-9.29020049e-01 -6.07642736e-01 -4.61287683e-01 -2.37116439e-02
  3.61761135e-01  6.84038167e-01  9.08374597e-01  9.01956929e-01
  5.07463950e-01  3.86137553e-01 -3.37585604e-01 -2.40742029e-01
 -7.16309513e-01 -9.49306307e-01 -1.11927870e+00 -1.57268918e+00
 -1.44563362e+00 -1.51560066e+00 -1.00000000e+02 -1.34516254e+00
 -1.29322738e+00 -5.79310025e-01 -4.30530587e-01 -4.65298261e-01
 -8.06504613e-02  4.74938484e-02  3.81637076e-02  8.16909259e-01
  1.02757603e+00  1.18807089e+00  1.00832477e+00  9.82401822e-01
  9.17239524e-01  5.94210346e-01  1.70676498e-01  2.02908536e-01
  1.10381154e-01 -7.23550964e-02 -6.15069347e-01 -1.34906145e+00
 -1.55209601e+00 -1.00000000e+02 -6.87700536e-01 -1.05308217e+00
 -7.71091623e-01 -5.42220455e-01 -1.26993396e-01 -1.48288296e-01]

And standard deviations:

[5.43102349 5.48487428 5.59389238 5.67392277 5.77642733 5.90097152
 5.99193461 6.02475876 5.999623   6.00040387 5.99563662 6.07772908
 6.18316843 6.29850905 6.39749497 6.47060214 6.50611491 6.55875825
 0.         6.571276   6.62807051 6.71327195 6.71180284 6.7216232
 6.78739876 6.8461193  6.85509076 6.94430816 6.98862999 7.05627715
 7.06504189 7.05068774 7.01364184 6.98805153 6.96591917 7.01367726
 7.07228188 7.14469291 7.20567341 7.26584598 7.29569121 0.
 7.28765435 7.22519339 7.31366627 7.48486167 7.684503   7.87523181]