

Generated 2021-12-20T19:25:38.093649. Summary:


None

2021-12-20T19:25:41.358337
Created model with parameters:

- num_inputs: 245
- num_outputs: 48
- num_layers: 4
- layer_space: linear

2021-12-20T19:26:08.354281
Training model with parameters:
- steps_per_epoch: 1692
- epochs: 20

Generated 2021-12-20T19:26:06.016948. Summary:


None

2021-12-20T19:29:33.261667
Training complete

Model competent_moser trained with averages:

[  -1.48796473   -1.59733439   -1.64521671   -1.78665319   -1.76405048
   -1.44576872   -1.30474531   -1.31039583   -1.10907037   -1.35024942
   -1.61435314   -1.77081494   -1.7071065    -1.69547907   -2.26605528
   -3.02123131   -2.98700295   -2.821165     -2.75547438   -2.68479807
   -2.00049477   -1.61324675   -1.31455429   -0.95035602   -0.90457307
   -0.78947755   -1.06328165   -1.38078924   -1.70791994   -1.74379715
   -1.47933952   -1.60028437   -1.47685864   -1.3115075    -1.54129425
   -1.62813856   -1.80070183   -2.10402246   -2.52261227   -2.9306489
   -2.74381788   -2.7394507    -2.29525259 -100.           -1.82592726
   -1.7898133    -1.19682733   -1.26374001]

And standard deviations:

[5.14506762 5.12431804 5.20770267 5.32055402 5.4612111  5.57487101
 5.58264481 5.61453751 5.68475295 5.63670684 5.6265695  5.61391858
 5.60084796 5.57440624 5.57055738 5.58548147 5.5817445  5.59289948
 5.67032793 5.69589833 5.75592672 5.81248325 5.79580499 5.81778257
 5.85081687 5.94776568 6.02003957 6.0591459  6.08278709 6.0933484
 6.06841249 6.09829552 6.16459956 6.18793599 6.15900919 6.18640691
 6.12567984 6.05420034 6.06588781 6.08627731 6.155325   6.19638593
 6.31058332 0.         6.51503914 6.67938961 6.92722121 7.20591561]

Model competent_moser trained with averages:

[  -1.48796586   -1.59733543   -1.64521776   -1.78665411   -1.76405138
   -1.44576953   -1.30474623   -1.31039676   -1.10907134   -1.35025022
   -1.61435396   -1.77081562   -1.70710698   -1.69547936   -2.26605556
   -3.02123145   -2.98700314   -2.82116527   -2.75547492   -2.68479871
   -2.00049577   -1.61324783   -1.31455551   -0.95035742   -0.90457429
   -0.78947879   -1.06328285   -1.38079029   -1.70792092   -1.74379808
   -1.4793404    -1.600285     -1.47685935   -1.31150816   -1.54129471
   -1.62813897   -1.80070198   -2.10402247   -2.52261204   -2.9306487
   -2.74381757   -2.73945059   -2.29525263 -100.           -1.82592778
   -1.78981383   -1.19682809   -1.26374088]

And standard deviations:

[5.14506848 5.12431884 5.20770301 5.32055423 5.46121124 5.57487124
 5.58264507 5.61453777 5.68475323 5.63670725 5.62656998 5.61391909
 5.60084858 5.57440708 5.57055811 5.58548234 5.58174543 5.59290049
 5.67032894 5.69589934 5.75592763 5.81248409 5.79580557 5.81778295
 5.85081724 5.94776591 6.02003963 6.05914583 6.08278692 6.09334839
 6.06841269 6.09829585 6.16459992 6.18793656 6.15900987 6.18640764
 6.12568075 6.05420128 6.065889   6.08627855 6.15532637 6.19638746
 6.31058479 0.         6.51504059 6.67939101 6.92722229 7.20591659]