

Generated 2021-12-20T14:12:17.146468. Summary:


None

2021-12-20T14:12:31.475080
Created model with parameters:

- num_inputs: 245
- num_outputs: 48
- num_layers: 5
- layer_space: log

2021-12-20T14:27:26.848837
Training model with parameters:
- steps_per_epoch: 8464
- epochs: 10

Generated 2021-12-20T14:27:22.174356. Summary:


None

2021-12-20T14:37:20.852594
Training complete

Model hungry_benz trained with averages:

[   0.51190258    0.19451906   -0.11902728   -0.6554807  -100.
   -1.1759123    -0.74877314   -0.15515432   -0.58160274   -0.31677977
   -0.19441136   -0.35137229   -0.7902532    -0.37438195   -0.89023012
   -0.54260561   -0.48871392 -100.         -100.            1.21431082
 -100.         -100.         -100.            1.06621693    0.27151922
   -0.5979285    -0.75447763   -1.02021596   -1.03248109   -0.8602951
   -1.25130449   -0.47304272 -100.            0.6355735  -100.
    0.94637187    1.29977552    1.13500346    0.80306386    1.02592315
 -100.            0.48928664    1.08586525    1.32689794    1.68740442
 -100.            1.4856296     1.91019229]

And standard deviations:

[5.54060583 5.54563258 5.57011629 5.67076416 0.         5.61916332
 5.62608936 5.70041909 5.68016169 5.76248056 5.8174317  5.85382007
 5.85059917 5.9847019  6.02897823 6.08665464 6.15613267 0.
 0.         6.31307556 0.         0.         0.         6.38793127
 6.28779777 6.2591789  6.28677866 6.34082145 6.32515225 6.33593741
 6.30493321 6.39589951 0.         6.56180922 0.         6.61299516
 6.65053616 6.74107271 6.67740021 6.72243009 0.         6.7824906
 6.83269296 6.86728702 7.03858408 0.         7.38052548 7.6385486 ]