

Generated 2021-12-20T14:12:17.146468. Summary:


None

2021-12-20T14:12:30.693867
Created model with parameters:

- num_inputs: 245
- num_outputs: 48
- num_layers: 5
- layer_space: log

2021-12-20T14:13:31.917588
Training model with parameters:
- steps_per_epoch: 1692
- epochs: 10

Generated 2021-12-20T14:13:27.434504. Summary:


None

2021-12-20T14:17:03.712306
Training complete

Model compassionate_kalam trained with averages:

[ 1.83395638e+00  2.21346115e+00  2.36910576e+00  2.26446833e+00
  2.31213712e+00  1.99988062e+00  2.16805997e+00  1.61505248e+00
 -1.00000000e+02  5.43633026e-01 -1.00000000e+02  5.60917442e-01
  1.03892046e+00  1.17268130e+00  9.95999206e-01 -1.00000000e+02
 -1.00000000e+02  9.73649009e-01  1.11104574e+00 -1.00000000e+02
 -1.00000000e+02  1.22541437e+00  1.32368161e+00 -1.00000000e+02
  8.98419985e-01  5.10351287e-01  1.00013681e+00  6.30880623e-01
  5.77074546e-01 -1.00000000e+02  6.05135269e-01 -2.41425452e-02
 -3.97230389e-02 -2.28498067e-01 -4.23163118e-01 -2.88909076e-01
 -3.48481084e-01 -5.71272141e-01 -7.79568617e-01 -1.00000000e+02
 -7.33461927e-01 -5.94312081e-01 -3.85485848e-01 -4.04970168e-01
 -3.51289419e-01 -7.78159379e-04 -3.36283504e-01 -5.71422918e-01]

And standard deviations:

[6.23544367 6.10213948 6.16066691 6.25631367 6.41876664 6.55803585
 6.76292768 6.80881618 0.         6.88796752 0.         6.91769575
 7.0232826  7.13636254 7.22826135 0.         0.         7.51811435
 7.5744948  0.         0.         7.44854442 7.33026835 0.
 7.18763216 7.20184327 7.2696681  7.24416566 7.29676857 0.
 7.31894471 7.19740035 7.24714927 7.19045826 7.17015285 7.19451494
 7.235928   7.29698387 7.32974426 0.         7.35882958 7.35119995
 7.41181267 7.52664675 7.65907508 7.82012021 8.01388139 8.24532419]